1 22 22
2 2 41
3 2 41
4 2 2
5 2 2
6 2 2
7 2 2
8 0 0
9 0 0
10 0 0
11 0 0
12 0 0
13 0 0
14 0 0
15 0 0
16 0 0
17 0 0
18 0 0
19 0 0
20 0 0
21 0 0
22 0 0
23 0 0
24 0 42
25 0 39
26 0 24
27 0 37
28 0 0
29 0 0
30 0 0
31 0 23
32 0 0
33 0 0
34 0 0
35 0 0
36 0 0
37 0 0
38 1 1
39 1 16
40 1 1
41 1 1
42 1 16
43 1 1
44 1 1
45 1 1
46 1 16
47 1 1
48 1 1
49 1 1
50 1 1
51 1 14
52 1 1
53 1 1
54 1 1
55 1 1
56 1 41
57 1 14
58 1 1
59 1 1
60 1 7
61 1 1
62 1 16
63 1 1
64 1 14
65 1 1
66 1 1
67 1 14
68 2 42
69 2 19
70 2 20
71 2 20
72 2 2
73 2 2
74 2 2
75 2 2
76 2 2
77 2 2
78 2 2
79 2 2
80 2 2
81 2 2
82 2 2
83 2 2
84 2 2
85 2 2
86 2 2
87 2 2
88 2 2
89 2 2
90 2 2
91 2 2
92 3 3
93 3 0
94 3 3
95 3 3
96 3 23
97 3 3
98 3 46
99 3 3
100 3 3
101 3 3
102 3 3
103 3 23
104 3 23
105 3 11
106 3 40
107 3 10
108 3 3
109 3 3
110 3 3
111 3 3
112 3 3
113 3 3
114 3 3
115 3 3
116 3 39
117 3 3
118 3 4
119 3 3
120 3 3
121 3 3
122 4 4
123 4 4
124 4 50
125 4 4
126 4 4
127 4 48
128 4 4
129 4 4
130 4 42
131 4 46
132 4 8
133 4 8
134 4 36
135 4 36
136 4 4
137 4 4
138 4 4
139 4 4
140 4 4
141 4 4
142 4 4
143 4 4
144 4 50
145 4 4
146 4 4
147 4 4
148 4 4
149 4 4
150 4 4
151 4 4
152 5 5
153 5 5
154 5 5
155 5 5
156 5 5
157 5 5
158 5 32
159 5 6
160 5 5
161 5 5
162 5 5
163 5 5
164 5 5
165 5 32
166 5 32
167 5 32
168 5 49
169 5 5
170 5 5
171 5 5
172 5 49
173 5 5
174 5 5
175 5 5
176 5 5
177 5 37
178 5 5
179 5 28
180 5 5
181 5 42
182 6 6
183 6 6
184 6 6
185 6 6
186 6 6
187 6 6
188 6 6
189 6 6
190 6 6
191 6 6
192 6 6
193 6 6
194 6 6
195 6 6
196 6 6
197 6 6
198 6 6
199 6 6
200 6 6
201 6 6
202 6 6
203 6 6
204 6 6
205 6 6
206 6 6
207 6 6
208 6 6
209 6 6
210 6 6
211 6 6
212 7 7
213 7 7
214 7 7
215 7 7
216 7 47
217 7 7
218 7 7
219 7 6
220 7 6
221 7 7
222 7 7
223 7 12
224 7 7
225 7 7
226 7 7
227 7 7
228 7 7
229 7 7
230 7 7
231 7 41
232 7 7
233 7 6
234 7 7
235 7 6
236 7 6
237 7 7
238 7 7
239 7 7
240 7 6
241 7 7
242 8 44
243 8 44
244 8 44
245 8 44
246 8 44
247 8 44
248 8 44
249 8 44
250 8 33
251 8 8
252 8 8
253 8 8
254 8 8
255 8 8
256 8 44
257 8 8
258 8 46
259 8 45
260 8 21
261 8 8
262 8 8
263 8 8
264 8 8
265 8 50
266 8 44
267 8 8
268 8 50
269 8 23
270 8 50
271 8 8
272 9 9
273 9 9
274 9 9
275 9 9
276 9 9
277 9 9
278 9 9
279 9 9
280 9 9
281 9 20
282 9 9
283 9 9
284 9 9
285 9 9
286 9 9
287 9 9
288 9 9
289 9 9
290 9 9
291 9 34
292 9 9
293 9 9
294 9 9
295 9 9
296 9 9
297 9 9
298 9 9
299 9 9
300 9 9
301 9 9
302 10 10
303 10 10
304 10 10
305 10 10
306 10 40
307 10 10
308 10 10
309 10 11
310 10 10
311 10 11
312 10 10
313 10 10
314 10 10
315 10 10
316 10 10
317 10 10
318 10 10
319 10 10
320 10 10
321 10 10
322 10 10
323 10 10
324 10 37
325 10 40
326 10 10
327 10 10
328 10 10
329 10 10
330 10 10
331 10 48
332 11 11
333 11 37
334 11 11
335 11 11
336 11 10
337 11 10
338 11 11
339 11 11
340 11 11
341 11 10
342 11 11
343 11 11
344 11 11
345 11 11
346 11 11
347 11 11
348 11 11
349 11 11
350 11 10
351 11 11
352 11 11
353 11 11
354 11 11
355 11 11
356 11 11
357 11 11
358 11 11
359 11 11
360 11 50
361 11 11
362 12 41
363 12 12
364 12 12
365 12 12
366 12 12
367 12 20
368 12 47
369 12 12
370 12 12
371 12 21
372 12 12
373 12 7
374 12 27
375 12 27
376 12 32
377 12 32
378 12 32
379 12 12
380 12 12
381 12 42
382 12 12
383 12 13
384 12 6
385 12 27
386 12 13
387 12 22
388 12 0
389 12 12
390 12 12
391 12 12
392 13 13
393 13 13
394 13 13
395 13 13
396 13 13
397 13 13
398 13 13
399 13 13
400 13 13
401 13 13
402 13 21
403 13 21
404 13 32
405 13 13
406 13 13
407 13 13
408 13 13
409 13 45
410 13 13
411 13 8
412 13 13
413 13 13
414 13 13
415 13 13
416 13 13
417 13 45
418 13 45
419 13 45
420 13 13
421 13 13
422 14 14
423 14 14
424 14 14
425 14 14
426 14 14
427 14 14
428 14 41
429 14 41
430 14 41
431 14 14
432 14 14
433 14 14
434 14 14
435 14 14
436 14 14
437 14 14
438 14 14
439 14 14
440 14 14
441 14 14
442 14 14
443 14 14
444 14 14
445 14 41
446 14 41
447 14 14
448 14 14
449 14 14
450 14 14
451 14 14
452 15 15
453 15 15
454 15 15
455 15 15
456 15 15
457 15 15
458 15 15
459 15 15
460 15 15
461 15 15
462 15 15
463 15 15
464 15 15
465 15 15
466 15 15
467 15 15
468 15 15
469 15 15
470 15 15
471 15 15
472 15 15
473 15 15
474 15 15
475 15 15
476 15 15
477 15 15
478 15 15
479 15 15
480 15 15
481 15 15
482 16 41
483 16 7
484 16 16
485 16 16
486 16 16
