1 22 22
2 2 2
3 2 20
4 2 2
5 2 2
6 2 2
7 2 2
8 0 0
9 0 0
10 0 0
11 0 0
12 0 0
13 0 0
14 0 0
15 0 0
16 0 0
17 0 0
18 0 0
19 0 0
20 0 0
21 0 0
22 0 0
23 0 0
24 0 10
25 0 0
26 0 42
27 0 10
28 0 0
29 0 0
30 0 0
31 0 0
32 0 0
33 0 0
34 0 0
35 0 0
36 0 0
37 0 0
38 1 1
39 1 1
40 1 1
41 1 1
42 1 1
43 1 1
44 1 1
45 1 16
46 1 1
47 1 1
48 1 1
49 1 1
50 1 1
51 1 14
52 1 1
53 1 1
54 1 16
55 1 1
56 1 41
57 1 1
58 1 1
59 1 1
60 1 41
61 1 1
62 1 16
63 1 1
64 1 14
65 1 1
66 1 1
67 1 14
68 2 42
69 2 2
70 2 2
71 2 20
72 2 2
73 2 2
74 2 2
75 2 2
76 2 2
77 2 2
78 2 2
79 2 2
80 2 2
81 2 2
82 2 2
83 2 2
84 2 2
85 2 2
86 2 2
87 2 2
88 2 2
89 2 2
90 2 2
91 2 2
92 3 3
93 3 3
94 3 3
95 3 3
96 3 3
97 3 3
98 3 50
99 3 3
100 3 3
101 3 3
102 3 3
103 3 3
104 3 3
105 3 11
106 3 10
107 3 11
108 3 3
109 3 3
110 3 3
111 3 3
112 3 3
113 3 3
114 3 3
115 3 3
116 3 3
117 3 3
118 3 3
119 3 3
120 3 3
121 3 3
122 4 4
123 4 4
124 4 4
125 4 4
126 4 4
127 4 50
128 4 4
129 4 4
130 4 4
131 4 4
132 4 2
133 4 2
134 4 4
135 4 4
136 4 4
137 4 4
138 4 4
139 4 4
140 4 4
141 4 4
142 4 4
143 4 4
144 4 4
145 4 4
146 4 4
147 4 4
148 4 4
149 4 4
150 4 4
151 4 4
152 5 5
153 5 5
154 5 5
155 5 5
156 5 5
157 5 5
158 5 5
159 5 5
160 5 5
161 5 5
162 5 5
163 5 5
164 5 5
165 5 5
166 5 32
167 5 32
168 5 49
169 5 5
170 5 5
171 5 5
172 5 49
173 5 5
174 5 5
175 5 5
176 5 5
177 5 42
178 5 5
179 5 49
180 5 5
181 5 24
182 6 6
183 6 6
184 6 6
185 6 6
186 6 6
187 6 6
188 6 6
189 6 6
190 6 6
191 6 6
192 6 6
193 6 6
194 6 6
195 6 6
196 6 6
197 6 6
198 6 6
199 6 6
200 6 6
201 6 6
202 6 6
203 6 6
204 6 6
205 6 6
206 6 6
207 6 6
208 6 6
209 6 6
210 6 6
211 6 6
212 7 7
213 7 7
214 7 7
215 7 7
216 7 24
217 7 7
218 7 7
219 7 7
220 7 7
221 7 7
222 7 7
223 7 12
224 7 7
225 7 7
226 7 7
227 7 7
228 7 7
229 7 7
230 7 12
231 7 41
232 7 7
233 7 7
234 7 7
235 7 7
236 7 7
237 7 7
238 7 7
239 7 7
240 7 7
241 7 7
242 8 44
243 8 44
244 8 44
245 8 44
246 8 8
247 8 44
248 8 44
249 8 44
250 8 50
251 8 8
252 8 8
253 8 8
254 8 8
255 8 8
256 8 8
257 8 8
258 8 35
259 8 45
260 8 45
261 8 8
262 8 8
263 8 8
264 8 8
265 8 50
266 8 44
267 8 8
268 8 8
269 8 50
270 8 50
271 8 8
272 9 9
273 9 9
274 9 9
275 9 9
276 9 9
277 9 9
278 9 9
279 9 9
280 9 9
281 9 9
282 9 9
283 9 9
284 9 9
285 9 9
286 9 9
287 9 9
288 9 9
289 9 9
290 9 9
291 9 9
292 9 9
293 9 9
294 9 9
295 9 9
296 9 9
297 9 9
298 9 9
299 9 9
300 9 9
301 9 9
302 10 10
303 10 10
304 10 10
305 10 10
306 10 10
307 10 11
308 10 11
309 10 11
310 10 37
311 10 11
312 10 10
313 10 10
314 10 10
315 10 10
316 10 10
317 10 10
318 10 10
319 10 10
320 10 10
321 10 10
322 10 10
323 10 10
324 10 10
325 10 10
326 10 10
327 10 10
328 10 10
329 10 10
330 10 10
331 10 10
332 11 11
333 11 11
334 11 11
335 11 11
336 11 10
337 11 10
338 11 11
339 11 11
340 11 11
341 11 10
342 11 11
343 11 11
344 11 11
345 11 11
346 11 11
347 11 11
348 11 11
349 11 11
350 11 11
351 11 11
352 11 11
353 11 11
354 11 11
355 11 11
356 11 11
357 11 11
358 11 11
359 11 11
360 11 11
361 11 11
362 12 41
363 12 12
364 12 12
365 12 12
366 12 12
367 12 7
368 12 24
369 12 12
370 12 21
371 12 21
372 12 12
373 12 12
374 12 12
375 12 12
376 12 32
377 12 12
378 12 19
379 12 12
380 12 12
381 12 37
382 12 42
383 12 12
384 12 12
385 12 12
386 12 47
387 12 12
388 12 18
389 12 12
390 12 32
391 12 12
392 13 13
393 13 13
394 13 13
395 13 13
396 13 13
397 13 13
398 13 13
399 13 13
400 13 13
401 13 13
402 13 33
403 13 13
404 13 19
405 13 13
406 13 13
407 13 13
408 13 13
409 13 45
410 13 13
411 13 8
412 13 13
413 13 13
414 13 13
415 13 13
416 13 13
417 13 13
418 13 13
419 13 13
420 13 21
421 13 13
422 14 14
423 14 14
424 14 14
425 14 14
426 14 14
427 14 14
428 14 14
429 14 14
430 14 14
431 14 14
432 14 14
433 14 14
434 14 14
435 14 14
436 14 14
437 14 14
438 14 14
439 14 14
440 14 14
441 14 14
442 14 14
443 14 14
444 14 14
445 14 14
446 14 14
447 14 14
448 14 14
449 14 14
450 14 14
451 14 14
452 15 15
453 15 15
454 15 15
455 15 15
456 15 15
457 15 15
458 15 15
459 15 15
460 15 15
461 15 15
462 15 15
463 15 15
464 15 15
465 15 15
466 15 15
467 15 15
468 15 15
469 15 15
470 15 15
471 15 15
472 15 15
473 15 15
474 15 15
475 15 15
476 15 15
477 15 15
478 15 15
479 15 15
480 15 15
481 15 15
482 16 16
483 16 16
484 16 16
485 16 16
486 16 16
487 16 16
488 16 16
489 16 16
490 16 16
491 16 16
492 16 16
493 16 16
494 16 16
495 16 16
496 16 16
497 16 16
498 16 16
499 16 16
500 16 16
501 16 16
502 16 1
503 16 16
504 16 16
505 16 16
506 16 16
507 16 41
508 16 16
509 16 16
510 16 16
511 16 16
512 17 17
513 17 17
514 17 17
515 17 17
516 17 17
517 17 17
518 17 17
519 17 17
520 17 17
521 17 17
522 17 17
523 17 17
524 17 17
525 17 17
526 17 45
527 17 17
528 17 17
529 17 17
530 17 17
531 17 17
532 17 17
533 17 50
534 17 17
535 17 17
536 17 17
537 17 27
538 17 17
539 17 17
540 17 17
541 17 17
542 18 18
543 18 18
544 18 18
545 18 18
546 18 24
547 18 18
548 18 18
549 18 18
550 18 18
551 18 18
552 18 18
553 18 18
554 18 18
555 18 18
556 18 18
557 18 18
558 18 18
559 18 18
560 18 18
561 18 18
562 18 33
563 18 18
564 18 18
565 18 18
566 18 18
567 18 18
568 18 18
569 18 18
570 18 18
571 18 18
572 19 47
573 19 47
574 19 50
575 19 47
576 19 32
577 19 12
578 19 41
579 19 19
580 19 41
581 19 19
582 19 19
583 19 32
584 19 19
585 19 19
586 19 19
587 19 19
588 19 19
589 19 19
590 19 19
591 19 19
592 19 19
593 19 19
594 19 19
595 19 19
596 19 19
597 19 19
598 19 5
599 19 5
600 19 5
601 19 5
602 20 20
603 20 20
604 20 20
605 20 20
606 20 20
607 20 20
608 20 20
609 20 20
610 20 12
611 20 20
612 20 20
613 20 20
614 20 20
615 20 20
616 20 20
617 20 9
618 20 20
619 20 20
620 20 20
621 20 20
622 20 20
623 20 20
624 20 20
625 20 19
626 20 20
627 20 19
628 20 20
629 20 20
630 20 20
631 20 20
632 21 20
633 21 21
634 21 21
635 21 21
636 21 21
637 21 21
638 21 21
639 21 21
640 21 21
641 21 21
642 21 21
643 21 21
644 21 21
645 21 21
646 21 44
647 21 21
648 21 27
649 21 21
650 21 21
651 21 21
652 21 21
653 21 21
654 21 21
655 21 27
656 21 21
657 21 21
658 21 21
659 21 21
660 21 21
661 21 21
662 22 22
663 22 22
664 22 22
665 22 22
666 22 22
667 22 22
668 22 22
669 22 22
670 22 22
671 22 22
672 22 22
673 22 22
674 22 22
675 22 6
676 22 42
677 22 22
678 22 22
679 22 22
680 22 22
681 22 22
682 22 22
683 22 22
684 22 22
685 22 22
686 22 22
687 22 22
688 22 22
689 22 31
690 22 23
691 23 23
692 23 23
693 23 39
694 23 48
695 23 40
696 23 39
697 23 23
698 23 23
699 23 23
700 23 23
701 23 23
702 23 23
703 23 23
704 23 23
705 23 23
706 23 23
707 23 23
708 23 23
709 23 23
710 23 23
711 23 23
712 23 23
713 23 23
714 23 23
715 23 23
716 23 23
717 23 23
718 23 23
719 23 39
720 23 39
721 24 25
722 24 9
723 24 34
724 24 33
725 24 24
726 24 24
727 24 24
728 24 33
729 24 37
730 24 24
731 24 24
732 24 24
733 24 24
734 24 42
735 24 24
736 24 10
737 24 24
738 24 24
739 24 24
740 24 24
741 24 24
742 24 24
743 24 24
744 24 36
745 24 24
746 24 37
747 24 30
748 24 24
749 24 24
750 24 0
751 25 25
752 25 25
753 25 25
754 25 25
755 25 25
756 25 25
757 25 25
758 25 25
759 25 25
760 25 25
761 25 25
762 25 25
763 25 25
764 25 25
765 25 25
766 25 25
767 25 25
768 25 25
769 25 25
770 25 25
771 25 25
772 25 25
773 25 25
774 25 25
775 25 25
776 25 25
777 25 25
778 25 25
779 25 23
780 25 23
781 26 26
782 26 26
783 26 26
784 26 26
785 26 26
786 26 26
787 26 26
788 26 26
789 26 26
790 26 26
791 26 26
792 26 26
793 26 26
794 26 26
795 26 26
796 26 26
797 26 26
798 26 26
799 26 26
800 26 26
801 26 26
802 26 26
803 26 26
804 26 26
805 26 26
806 26 26
807 26 26
808 26 26
809 26 26
810 26 26
811 27 27
812 27 27
813 27 27
814 27 27
815 27 27
816 27 27
817 27 27
818 27 27
819 27 27
820 27 27
821 27 27
822 27 27
823 27 27
824 27 27
825 27 27
826 27 27
827 27 27
828 27 27
829 27 27
830 27 27
831 27 27
832 27 12
833 27 42
834 27 27
835 27 17
836 27 27
837 27 45
838 27 27
839 27 27
840 27 21
841 28 18
842 28 28
843 28 28
844 28 28
845 28 28
846 28 28
847 28 28
848 28 28
849 28 28
850 28 28
851 28 28
852 28 28
853 28 28
854 28 28
855 28 28
856 28 28
857 28 28
858 28 28
859 28 28
860 28 28
861 28 28
862 28 28
863 28 28
864 28 28
865 28 28
866 28 28
867 28 28
868 28 28
869 28 28
870 28 28
871 29 29
872 29 29
873 29 29
874 29 29
875 29 29
876 29 29
877 29 29
878 29 29
879 29 29
880 29 29
881 29 29
882 29 29
883 29 29
884 29 29
885 29 29
886 29 29
887 29 29
888 29 29
889 29 29
890 29 29
891 29 29
892 29 29
893 29 29
894 29 29
895 29 29
896 29 29
897 29 29
898 29 29
899 29 29
900 29 29
901 30 30
902 30 30
903 30 30
904 30 30
905 30 30
906 30 30
907 30 30
908 30 30
909 30 30
910 30 30
911 30 30
912 30 30
913 30 30
914 30 30
915 30 30
916 30 30
917 30 30
918 30 30
919 30 30
920 30 30
921 30 30
922 30 30
923 30 30
924 30 30
925 30 30
926 30 30
927 30 30
928 30 30
929 30 30
930 30 30
931 31 31
932 31 31
933 31 31
934 31 31
935 31 31
936 31 31
937 31 31
938 31 31
939 31 31
940 31 31
941 31 31
942 31 31
943 31 31
944 31 31
945 31 31
946 31 31
947 31 31
948 31 31
949 31 31
950 31 31
951 31 31
952 31 31
953 31 31
954 31 31
955 31 31
956 31 31
957 31 31
958 31 31
959 31 49
960 31 31
961 32 32
962 32 49
963 32 32
964 32 32
965 32 32
966 32 32
967 32 32
968 32 32
969 32 32
970 32 32
971 32 32
972 32 32
973 32 5
974 32 32
975 32 32
976 32 32
977 32 20
978 32 32
979 32 32
980 32 32
981 32 49
982 32 49
983 32 32
984 32 32
985 32 32
986 32 20
987 32 32
988 32 32
989 32 32
990 32 32
991 33 33
992 33 33
993 33 33
994 33 33
995 33 33
996 33 33
997 33 33
998 33 33
999 33 33
1000 33 33
1001 33 33
1002 33 33
1003 33 33
1004 33 33
1005 33 4
1006 33 33
1007 33 33
1008 33 33
1009 33 33
1010 33 33
1011 33 33
1012 33 4
1013 33 33
1014 33 33
1015 33 33
1016 33 33
1017 33 33
1018 33 33
1019 33 33
1020 33 33
1021 34 34
1022 34 34
1023 34 34
1024 34 34
1025 34 34
1026 34 34
1027 34 34
1028 34 34
1029 34 34
1030 34 34
1031 34 34
1032 34 34
1033 34 34
1034 34 34
1035 34 34
1036 34 34
1037 34 34
1038 34 2
1039 34 34
1040 34 34
1041 34 34
1042 34 34
1043 34 34
1044 34 34
1045 34 34
1046 34 34
1047 34 34
1048 34 34
1049 34 34
1050 34 34
1051 35 35
1052 35 35
1053 35 35
1054 35 35
1055 35 35
1056 35 35
1057 35 35
1058 35 35
1059 35 35
1060 35 35
1061 35 35
1062 35 35
1063 35 35
1064 35 35
1065 35 35
1066 35 35
1067 35 35
1068 35 35
1069 35 35
1070 35 35
1071 35 35
1072 35 35
1073 35 35
1074 35 45
1075 35 35
1076 35 27
1077 35 35
1078 35 35
1079 35 35
1080 35 35
1081 36 36
1082 36 49
1083 36 36
1084 36 49
1085 36 49
1086 36 36
1087 36 36
1088 36 36
1089 36 36
1090 36 47
1091 36 36
1092 36 36
1093 36 36
1094 36 36
1095 36 36
1096 36 36
1097 36 36
1098 36 36
1099 36 36
1100 36 36
1101 36 36
1102 36 35
1103 36 36
1104 36 36
1105 36 36
1106 36 36
1107 36 36
1108 36 36
1109 36 36
1110 36 36
1111 37 37
1112 37 37
1113 37 37
1114 37 37
1115 37 37
1116 37 42
1117 37 42
1118 37 37
1119 37 37
1120 37 37
1121 37 42
1122 37 37
1123 37 42
1124 37 37
1125 37 37
1126 37 42
1127 37 37
1128 37 42
1129 37 37
1130 37 37
1131 37 42
1132 37 10
1133 37 42
1134 37 38
1135 37 37
1136 37 37
1137 37 37
1138 37 37
1139 37 37
1140 37 37
1141 38 38
1142 38 38
1143 38 38
1144 38 38
1145 38 38
1146 38 38
1147 38 38
1148 38 38
1149 38 38
1150 38 38
1151 38 38
1152 38 38
1153 38 38
1154 38 38
1155 38 38
1156 38 38
1157 38 38
1158 38 38
1159 38 38
1160 38 38
1161 38 38
1162 38 38
1163 38 38
1164 38 38
1165 38 38
1166 38 38
1167 38 38
1168 38 38
1169 38 38
1170 38 38
1171 39 39
1172 39 46
1173 39 46
1174 39 23
1175 39 39
1176 39 11
1177 39 39
1178 39 39
1179 39 23
1180 39 23
1181 39 23
1182 39 39
1183 39 39
1184 39 23
1185 39 23
1186 39 23
1187 39 11
1188 39 23
1189 39 23
1190 39 39
1191 39 10
1192 39 46
1193 39 39
1194 39 39
1195 39 39
1196 39 39
1197 39 39
1198 39 39
1199 39 39
1200 39 39
1201 40 40
1202 40 11
1203 40 40
1204 40 40
1205 40 11
1206 40 40
1207 40 40
1208 40 40
1209 40 40
1210 40 23
1211 40 40
1212 40 40
1213 40 40
1214 40 40
1215 40 40
1216 40 40
1217 40 40
1218 40 40
1219 40 40
1220 40 40
1221 40 40
1222 40 40
1223 40 40
1224 40 40
1225 40 40
1226 40 40
1227 40 40
1228 40 40
1229 40 40
1230 40 40
1231 41 41
1232 41 41
1233 41 16
1234 41 41
1235 41 41
1236 41 41
1237 41 41
1238 41 41
1239 41 41
1240 41 7
1241 41 41
1242 41 41
1243 41 41
1244 41 41
1245 41 41
1246 41 41
1247 41 41
1248 41 41
1249 41 41
1250 41 41
1251 41 41
1252 41 41
1253 41 41
1254 41 41
1255 41 41
1256 41 41
1257 41 41
1258 41 41
1259 41 41
1260 41 41
1261 42 42
1262 42 42
1263 42 49
1264 42 37
1265 42 42
1266 42 37
1267 42 42
1268 42 32
1269 42 42
1270 42 12
1271 42 42
1272 42 42
1273 42 42
1274 42 37
1275 42 37
1276 42 48
1277 42 25
1278 42 49
1279 42 42
1280 42 42
1281 42 42
1282 42 12
1283 42 42
1284 42 42
1285 42 49
1286 42 42
1287 42 42
1288 42 42
1289 42 42
1290 42 49
1291 43 43
1292 43 43
1293 43 43
1294 43 47
1295 43 43
1296 43 43
1297 43 43
1298 43 43
1299 43 47
1300 43 43
1301 43 43
1302 43 43
1303 43 43
1304 43 43
1305 43 47
1306 43 32
1307 43 43
1308 43 43
1309 43 43
1310 43 43
1311 43 43
1312 43 43
1313 43 47
1314 43 43
1315 43 43
1316 43 43
1317 43 43
1318 43 43
1319 43 43
1320 43 43
1321 44 36
1322 44 44
1323 44 46
1324 44 50
1325 44 44
1326 44 44
1327 44 44
1328 44 44
1329 44 45
1330 44 45
1331 44 45
1332 44 45
1333 44 44
1334 44 35
1335 44 44
1336 44 44
1337 44 13
1338 44 13
1339 44 44
1340 44 44
1341 44 44
1342 44 8
1343 44 44
1344 44 44
1345 44 44
1346 44 44
1347 44 44
1348 44 44
1349 44 44
1350 44 44
1351 45 13
1352 45 13
1353 45 13
1354 45 44
1355 45 45
1356 45 45
1357 45 45
1358 45 45
1359 45 45
1360 45 45
1361 45 45
1362 45 45
1363 45 45
1364 45 45
1365 45 45
1366 45 13
1367 45 45
1368 45 45
1369 45 45
1370 45 45
1371 45 27
1372 45 12
1373 45 13
1374 45 45
1375 45 44
1376 45 8
1377 45 8
1378 45 8
1379 45 45
1380 45 8
1381 46 46
1382 46 46
1383 46 46
1384 46 46
1385 46 46
1386 46 46
1387 46 46
1388 46 46
1389 46 46
1390 46 46
1391 46 46
1392 46 46
1393 46 46
1394 46 46
1395 46 46
1396 46 46
1397 46 46
1398 46 46
1399 46 46
1400 46 46
1401 46 46
1402 46 48
1403 46 46
1404 46 46
1405 46 46
1406 46 46
1407 46 39
1408 46 46
1409 46 46
1410 46 46
1411 47 48
1412 47 47
1413 47 27
1414 47 45
1415 47 27
1416 47 44
1417 47 44
1418 47 47
1419 47 47
1420 47 47
1421 47 47
1422 47 47
1423 47 47
1424 47 47
1425 47 47
1426 47 47
1427 47 47
1428 47 47
1429 47 47
1430 47 37
1431 47 12
1432 47 50
1433 47 47
1434 47 47
1435 47 43
1436 47 47
1437 47 47
1438 47 47
1439 47 47
1440 47 43
1441 48 48
1442 48 48
1443 48 48
1444 48 48
1445 48 49
1446 48 48
1447 48 48
1448 48 48
1449 48 48
1450 48 49
1451 48 48
1452 48 48
1453 48 48
1454 48 48
1455 48 48
1456 48 48
1457 48 48
1458 48 48
1459 48 48
1460 48 49
1461 48 48
1462 48 48
1463 48 48
1464 48 48
1465 48 48
1466 48 49
1467 48 49
1468 48 49
1469 48 49
1470 48 24
1471 49 49
1472 49 49
1473 49 49
1474 49 49
1475 49 49
1476 49 49
1477 49 49
1478 49 49
1479 49 49
1480 49 49
1481 49 32
1482 49 49
1483 49 49
1484 49 49
1485 49 49
1486 49 46
1487 49 49
1488 49 49
1489 49 49
1490 49 49
1491 49 49
1492 49 49
1493 49 49
1494 49 32
1495 49 49
1496 49 49
1497 49 49
1498 49 49
1499 49 49
1500 49 49
1501 50 50
1502 50 18
1503 50 50
1504 50 50
1505 50 8
1506 50 49
1507 50 49
1508 50 49
1509 50 49
1510 50 49
1511 50 49
1512 50 8
1513 50 8
1514 50 49
1515 50 50
1516 50 46
1517 50 40
1518 50 18
1519 50 50
1520 50 37
1521 50 50
1522 50 49
1523 50 48
1524 50 50
1525 50 50
1526 50 46
1527 50 50
1528 50 49
1529 50 49
1530 50 50
